 *                                      
 * one_step:  btemp=  1.000E+04 bden=  1.000E+04
 *          time                pos           vel           temp          den           pres          ener          entr          cs
      1  0.000000000000E+00  0.000000E+00  0.000000E+00  1.000000E+04  1.000000E+04  1.452006E+19  0.000000E+00  3.636580E+07  4.909128E+07
      2  9.404992320876E-19  0.000000E+00  0.000000E+00  1.000000E+04  1.000000E+04  1.452006E+19 -1.171875E-01  3.636580E+07  4.909128E+07
      3  1.034549155296E-17  0.000000E+00  0.000000E+00  1.000000E+04  1.000000E+04  1.452006E+19 -1.242188E+00  3.636580E+07  4.909128E+07
      4  2.915547619471E-17  0.000000E+00  0.000000E+00  1.000000E+04  1.000000E+04  1.452006E+19 -3.492188E+00  3.636580E+07  4.909128E+07
      5  6.677544547822E-17  0.000000E+00  0.000000E+00  1.000000E+04  1.000000E+04  1.452006E+19 -7.992188E+00  3.636580E+07  4.909128E+07
      6  1.420153840452E-16  0.000000E+00  0.000000E+00  1.000000E+04  1.000000E+04  1.452006E+19 -1.699219E+01  3.636580E+07  4.909128E+07
      7  2.924952611792E-16  0.000000E+00  0.000000E+00  1.000000E+04  1.000000E+04  1.452006E+19 -3.499219E+01  3.636580E+07  4.909128E+07
      8  5.934550154473E-16  0.000000E+00  0.000000E+00  1.000000E+04  1.000000E+04  1.452006E+19 -7.099219E+01  3.636580E+07  4.909128E+07
      9  1.195374523983E-15  0.000000E+00  0.000000E+00  1.000000E+04  1.000000E+04  1.452006E+19 -1.429922E+02  3.636580E+07  4.909128E+07
     10  2.399213541055E-15  0.000000E+00  0.000000E+00  1.000000E+04  1.000000E+04  1.452006E+19 -2.869922E+02  3.636580E+07  4.909128E+07
     11  4.806891575200E-15  0.000000E+00  0.000000E+00  1.000000E+04  1.000000E+04  1.452006E+19 -5.749922E+02  3.636580E+07  4.909128E+07
     12  9.622247643488E-15  0.000000E+00  0.000000E+00  1.000000E+04  1.000000E+04  1.452006E+19 -1.150992E+03  3.636580E+07  4.909128E+07
     13  1.925295978006E-14  0.000000E+00  0.000000E+00  1.000000E+04  1.000000E+04  1.452006E+19 -2.302992E+03  3.636580E+07  4.909128E+07
     14  3.851438405322E-14  0.000000E+00  0.000000E+00  1.000000E+04  1.000000E+04  1.452006E+19 -4.606992E+03  3.636580E+07  4.909128E+07
     15  7.703723259953E-14  0.000000E+00  0.000000E+00  1.000000E+04  1.000000E+04  1.452006E+19 -9.214992E+03  3.636580E+07  4.909128E+07
     16  1.540829296921E-13  0.000000E+00  0.000000E+00  1.000000E+04  1.000000E+04  1.452006E+19 -1.843099E+04  3.636580E+07  4.909128E+07
     17  3.081743238774E-13  0.000000E+00  0.000000E+00  1.000000E+04  1.000000E+04  1.452006E+19 -3.686299E+04  3.636580E+07  4.909128E+07
     18  6.163571122478E-13  0.000000E+00  0.000000E+00  1.000000E+04  1.000000E+04  1.452006E+19 -7.372699E+04  3.636580E+07  4.909128E+07
     19  1.232722688989E-12  0.000000E+00  0.000000E+00  1.000000E+04  1.000000E+04  1.452006E+19 -1.474550E+05  3.636580E+07  4.909128E+07
     20  2.465453842471E-12  0.000000E+00  0.000000E+00  1.000000E+04  1.000000E+04  1.452006E+19 -2.949110E+05  3.636580E+07  4.909128E+07
     21  4.930916149434E-12  0.000000E+00  0.000000E+00  1.000000E+04  1.000000E+04  1.452006E+19 -5.898230E+05  3.636580E+07  4.909128E+07
     22  9.861840763361E-12  0.000000E+00  0.000000E+00  1.000000E+04  1.000000E+04  1.452006E+19 -1.179647E+06  3.636580E+07  4.909128E+07
     23  1.972368999122E-11  0.000000E+00  0.000000E+00  1.000000E+04  1.000000E+04  1.452006E+19 -2.359295E+06  3.636580E+07  4.909128E+07
     24  3.944738844693E-11  0.000000E+00  0.000000E+00  1.000000E+04  1.000000E+04  1.452006E+19 -4.718591E+06  3.636580E+07  4.909128E+07
     25  7.889478535834E-11  0.000000E+00  0.000000E+00  1.000000E+04  1.000000E+04  1.452006E+19 -9.437183E+06  3.636580E+07  4.909128E+07
     26  1.577895791812E-10  0.000000E+00  0.000000E+00  1.000000E+04  1.000000E+04  1.452006E+19 -1.887437E+07  3.636580E+07  4.909128E+07
     27  3.155791668269E-10  0.000000E+00  0.000000E+00  1.000000E+04  1.000000E+04  1.452006E+19 -3.774873E+07  3.636580E+07  4.909128E+07
     28  6.311583421182E-10  0.000000E+00  0.000000E+00  1.000000E+04  1.000000E+04  1.452006E+19 -7.549747E+07  3.636580E+07  4.909128E+07
     29  1.262316692701E-09  0.000000E+00  0.000000E+00  1.000000E+04  1.000000E+04  1.452006E+19 -1.509949E+08  3.636580E+07  4.909128E+07
     30  2.524633393866E-09  0.000000E+00  0.000000E+00  1.000000E+04  1.000000E+04  1.452006E+19 -3.019899E+08  3.636580E+07  4.909128E+07
     31  5.049266796197E-09  0.000000E+00  0.000000E+00  1.000000E+04  1.000000E+04  1.452006E+19 -6.039798E+08  3.636580E+07  4.909128E+07
     32  1.009853360086E-08  0.000000E+00  0.000000E+00  1.000000E+04  1.000000E+04  1.452006E+19 -1.207960E+09  3.636580E+07  4.909128E+07
     33  2.019706721018E-08  0.000000E+00  0.000000E+00  1.000000E+04  1.000000E+04  1.452006E+19 -2.415919E+09  3.636580E+07  4.909128E+07
     34  4.039413442883E-08  0.000000E+00  0.000000E+00  1.000000E+04  1.000000E+04  1.452006E+19 -4.831838E+09  3.636580E+07  4.909128E+07
     35  8.078826886612E-08  0.000000E+00  0.000000E+00  1.000000E+04  1.000000E+04  1.452006E+19 -9.663676E+09  3.636580E+07  4.909128E+07
     36  1.615765377407E-07  0.000000E+00  0.000000E+00  1.000000E+04  1.000000E+04  1.452006E+19 -1.932735E+10  3.636580E+07  4.909128E+07
     37  3.231530754899E-07  0.000000E+00  0.000000E+00  1.000000E+04  1.000000E+04  1.452006E+19 -3.865471E+10  3.636580E+07  4.909128E+07
     38  6.463061509882E-07  0.000000E+00  0.000000E+00  1.000000E+04  1.000000E+04  1.452006E+19 -7.730941E+10  3.636580E+07  4.909128E+07
     39  1.292612301985E-06  0.000000E+00  0.000000E+00  1.000000E+04  1.000000E+04  1.452006E+19 -1.546188E+11  3.636580E+07  4.909128E+07
     40  2.585224603978E-06  0.000000E+00  0.000000E+00  1.000000E+04  1.000000E+04  1.452006E+19 -3.092376E+11  3.636580E+07  4.909128E+07
     41  5.170449207965E-06  0.000000E+00  0.000000E+00  1.000000E+04  1.000000E+04  1.452006E+19 -6.184753E+11  3.636580E+07  4.909128E+07
     42  1.034089841594E-05  0.000000E+00  0.000000E+00  1.000000E+04  1.000000E+04  1.452006E+19 -1.236951E+12  3.636580E+07  4.909128E+07
     43  2.068179683189E-05  0.000000E+00  0.000000E+00  1.000000E+04  1.000000E+04  1.452006E+19 -2.473901E+12  3.636580E+07  4.909128E+07
     44  4.136359366378E-05  0.000000E+00  0.000000E+00  1.000000E+04  1.000000E+04  1.452006E+19 -4.947802E+12  3.636580E+07  4.909128E+07
     45  8.272718732757E-05  0.000000E+00  0.000000E+00  1.000000E+04  1.000000E+04  1.452006E+19 -9.895605E+12  3.636580E+07  4.909128E+07
     46  8.414030779572E-05  0.000000E+00  0.000000E+00  1.000000E+04  1.000000E+04  1.452006E+19 -1.009031E+13  3.636580E+07  4.909128E+07
     47  8.415588641450E-05  0.000000E+00  0.000000E+00  1.000000E+04  1.000000E+04  1.452006E+19 -1.009261E+13  3.636580E+07  4.909128E+07
     48  8.416312310543E-05  0.000000E+00  0.000000E+00  1.000000E+04  1.000000E+04  1.452006E+19 -1.009346E+13  3.636580E+07  4.909128E+07
     49  8.417759648730E-05  0.000000E+00  0.000000E+00  1.000000E+04  1.000000E+04  1.452006E+19 -1.009517E+13  3.636580E+07  4.909128E+07
     50  8.420654325104E-05  0.000000E+00  0.000000E+00  1.000000E+04  1.000000E+04  1.452006E+19 -1.009858E+13  3.636580E+07  4.909128E+07
     51  8.426443677851E-05  0.000000E+00  0.000000E+00  1.000000E+04  1.000000E+04  1.452006E+19 -1.010623E+13  3.636580E+07  4.909128E+07
     52  8.429523012066E-05  0.000000E+00  0.000000E+00  1.000000E+04  1.000000E+04  1.452006E+19 -1.011026E+13  3.636580E+07  4.909128E+07
     53  8.435681680497E-05  0.000000E+00  0.000000E+00  1.000000E+04  1.000000E+04  1.452006E+19 -1.011831E+13  3.636580E+07  4.909128E+07
     54  8.447999017359E-05  0.000000E+00  0.000000E+00  1.000000E+04  1.000000E+04  1.452006E+19 -1.013441E+13  3.636580E+07  4.909128E+07
     55  8.472633691083E-05  0.000000E+00  0.000000E+00  1.000000E+04  1.000000E+04  1.452006E+19 -1.016663E+13  3.636580E+07  4.909128E+07
     56  8.521903038531E-05  0.000000E+00  0.000000E+00  1.000000E+04  1.000000E+04  1.452006E+19 -1.023105E+13  3.636580E+07  4.909128E+07
     57  8.620441733426E-05  0.000000E+00  0.000000E+00  1.000000E+04  1.000000E+04  1.452006E+19 -1.035990E+13  3.636580E+07  4.909128E+07
     58  8.817519123217E-05  0.000000E+00  0.000000E+00  1.000000E+04  1.000000E+04  1.452006E+19 -1.061760E+13  3.636580E+07  4.909128E+07
     59  9.211673902799E-05  0.000000E+00  0.000000E+00  1.000000E+04  1.000000E+04  1.452006E+19 -1.113299E+13  3.636580E+07  4.909128E+07
     60  9.999983461963E-05  0.000000E+00  0.000000E+00  1.000000E+04  1.000000E+04  1.452006E+19 -1.216379E+13  3.636580E+07  4.909128E+07
     61  1.000000000000E-04  0.000000E+00  0.000000E+00  1.000000E+04  1.000000E+04  1.452006E+19 -1.216381E+13  3.636580E+07  4.909128E+07
