mass = 1.000625e+00
Form tree
Find neighbors
Compute interaction list
Compute moments
Compute interaction
Local expansion
Compute gravity
-6.921875e-01 7.812500e-03 7.812500e-03 -1.445413e+00 -1.447586e+00 0.000000e+00 1.967654e+00 2.087650e+00 1.221496e-03 -2.356264e-02 1.221496e-03 -2.356264e-02
-6.765625e-01 7.812500e-03 7.812500e-03 -1.478786e+00 -1.479254e+00 0.000000e+00 2.087233e+00 2.185152e+00 1.019856e-02 -2.523270e-02 1.019856e-02 -2.523270e-02
-6.609375e-01 7.812500e-03 7.812500e-03 -1.513736e+00 -1.512856e+00 0.000000e+00 2.215278e+00 2.289646e+00 1.562630e-02 -2.706437e-02 1.562630e-02 -2.706437e-02
-6.453125e-01 7.812500e-03 7.812500e-03 -1.550377e+00 -1.548525e+00 0.000000e+00 2.351788e+00 2.401818e+00 1.750474e-02 -2.907770e-02 1.750474e-02 -2.907770e-02
-6.296875e-01 7.812500e-03 7.812500e-03 -1.588837e+00 -1.586393e+00 0.000000e+00 2.496763e+00 2.522438e+00 1.583386e-02 -3.129576e-02 1.583386e-02 -3.129576e-02
-6.140625e-01 7.812500e-03 7.812500e-03 -1.629252e+00 -1.626593e+00 0.000000e+00 2.650203e+00 2.652376e+00 1.061366e-02 -3.374525e-02 1.061366e-02 -3.374525e-02
-5.984375e-01 7.812500e-03 7.812500e-03 -1.671777e+00 -1.669256e+00 0.000000e+00 2.812108e+00 2.792618e+00 1.844155e-03 -3.645715e-02 1.844155e-03 -3.645715e-02
-5.828125e-01 7.812500e-03 7.812500e-03 -1.716581e+00 -1.714516e+00 0.000000e+00 2.982478e+00 2.944282e+00 -1.047467e-02 -3.946758e-02 -1.047467e-02 -3.946758e-02
-5.671875e-01 7.812500e-03 7.812500e-03 -1.763852e+00 -1.762369e+00 0.000000e+00 3.150106e+00 3.108642e+00 -2.003702e-02 -4.281876e-02 -2.003702e-02 -4.281876e-02
-5.515625e-01 7.812500e-03 7.812500e-03 -1.813800e+00 -1.813090e+00 0.000000e+00 3.343879e+00 3.287156e+00 -3.667819e-02 -4.656029e-02 -3.667819e-02 -4.656029e-02
-5.359375e-01 7.812500e-03 7.812500e-03 -1.866658e+00 -1.866920e+00 0.000000e+00 3.548099e+00 3.481497e+00 -5.776039e-02 -5.075069e-02 -5.776039e-02 -5.075069e-02
-5.203125e-01 7.812500e-03 7.812500e-03 -1.922689e+00 -1.924022e+00 0.000000e+00 3.762765e+00 3.693592e+00 -8.328362e-02 -5.545934e-02 -8.328362e-02 -5.545934e-02
-5.046875e-01 7.812500e-03 7.812500e-03 -1.982187e+00 -1.984560e+00 0.000000e+00 3.987879e+00 3.925671e+00 -1.132479e-01 -6.076890e-02 -1.132479e-01 -6.076890e-02
-4.890625e-01 7.812500e-03 7.812500e-03 -2.045484e+00 -2.048698e+00 0.000000e+00 4.223439e+00 4.180325e+00 -1.476532e-01 -6.677835e-02 -1.476532e-01 -6.677835e-02
-4.734375e-01 7.812500e-03 7.812500e-03 -2.112955e+00 -2.116597e+00 0.000000e+00 4.469445e+00 4.460578e+00 -1.864995e-01 -7.360690e-02 -1.864995e-01 -7.360690e-02
-4.578125e-01 7.812500e-03 7.812500e-03 -2.185028e+00 -2.188422e+00 0.000000e+00 4.725899e+00 4.769980e+00 -2.297868e-01 -8.139898e-02 -2.297868e-01 -8.139898e-02
-4.421875e-01 7.812500e-03 7.812500e-03 -2.262190e+00 -2.252684e+00 0.000000e+00 5.461527e+00 5.112716e+00 -3.772008e-01 -9.033067e-02 -3.772008e-01 -9.033067e-02
-4.265625e-01 7.812500e-03 7.812500e-03 -2.345000e+00 -2.340301e+00 0.000000e+00 5.764067e+00 5.493750e+00 -3.231756e-01 -1.006181e-01 -3.231756e-01 -1.006181e-01
-4.109375e-01 7.812500e-03 7.812500e-03 -2.434100e+00 -2.433143e+00 0.000000e+00 6.130300e+00 5.919007e+00 -2.851201e-01 -1.125287e-01 -2.851201e-01 -1.125287e-01
-3.953125e-01 7.812500e-03 7.812500e-03 -2.530236e+00 -2.532205e+00 0.000000e+00 6.560227e+00 6.395601e+00 -2.630343e-01 -1.263953e-01 -2.630343e-01 -1.263953e-01
-3.796875e-01 7.812500e-03 7.812500e-03 -2.634275e+00 -2.638468e+00 0.000000e+00 7.045215e+00 6.932138e+00 -2.488138e-01 -1.426366e-01 -2.488138e-01 -1.426366e-01
-3.640625e-01 7.812500e-03 7.812500e-03 -2.747232e+00 -2.753016e+00 0.000000e+00 7.630530e+00 7.539101e+00 -2.495677e-01 -1.617833e-01 -2.495677e-01 -1.617833e-01
-3.484375e-01 7.812500e-03 7.812500e-03 -2.870305e+00 -2.877349e+00 0.000000e+00 8.297821e+00 8.229372e+00 -2.717825e-01 -1.845151e-01 -2.717825e-01 -1.845151e-01
-3.328125e-01 7.812500e-03 7.812500e-03 -3.004916e+00 -3.012750e+00 0.000000e+00 9.047088e+00 9.018916e+00 -3.154583e-01 -2.117116e-01 -3.154583e-01 -2.117116e-01
-3.171875e-01 7.812500e-03 7.812500e-03 -3.152766e+00 -3.154453e+00 0.000000e+00 1.001296e+01 9.927710e+00 -2.622426e-01 -2.445249e-01 -2.622426e-01 -2.445249e-01
-3.015625e-01 7.812500e-03 7.812500e-03 -3.315908e+00 -3.318415e+00 0.000000e+00 1.100350e+01 1.098102e+01 -2.863702e-01 -2.844823e-01 -2.863702e-01 -2.844823e-01
-2.859375e-01 7.812500e-03 7.812500e-03 -3.496842e+00 -3.499217e+00 0.000000e+00 1.217642e+01 1.221116e+01 -3.171944e-01 -3.336383e-01 -3.171944e-01 -3.336383e-01
-2.703125e-01 7.812500e-03 7.812500e-03 -3.698644e+00 -3.699984e+00 0.000000e+00 1.355970e+01 1.366002e+01 -3.512996e-01 -3.947984e-01 -3.512996e-01 -3.947984e-01
-2.546875e-01 7.812500e-03 7.812500e-03 -3.925141e+00 -3.924115e+00 0.000000e+00 1.516413e+01 1.538265e+01 -4.128380e-01 -4.718604e-01 -4.128380e-01 -4.718604e-01
-2.390625e-01 7.812500e-03 7.812500e-03 -4.169868e+00 -4.159805e+00 5.828428e-05 1.543045e+01 1.530956e+01 -4.288155e-01 -5.003123e-01 -4.288155e-01 -5.003123e-01
-2.234375e-01 7.812500e-03 7.812500e-03 -4.401263e+00 -4.392271e+00 5.828428e-05 1.434735e+01 1.430893e+01 -4.426868e-01 -5.003123e-01 -4.426868e-01 -5.003123e-01
-2.078125e-01 7.812500e-03 7.812500e-03 -4.617022e+00 -4.608951e+00 5.828428e-05 1.339570e+01 1.330831e+01 -4.584977e-01 -5.003123e-01 -4.584977e-01 -5.003123e-01
-1.921875e-01 7.812500e-03 7.812500e-03 -4.817147e+00 -4.810950e+00 5.828428e-05 1.224948e+01 1.230768e+01 -5.782445e-01 -5.003123e-01 -5.782445e-01 -5.003123e-01
-1.765625e-01 7.812500e-03 7.812500e-03 -5.001637e+00 -4.994600e+00 5.828428e-05 1.126447e+01 1.130706e+01 -5.481615e-01 -5.003123e-01 -5.481615e-01 -5.003123e-01
-1.609375e-01 7.812500e-03 7.812500e-03 -5.170493e+00 -5.162926e+00 5.828428e-05 1.028299e+01 1.030643e+01 -5.408711e-01 -5.003123e-01 -5.408711e-01 -5.003123e-01
-1.453125e-01 7.812500e-03 7.812500e-03 -5.323713e+00 -5.316084e+00 5.828428e-05 9.316645e+00 9.305808e+00 -5.585603e-01 -5.003123e-01 -5.585603e-01 -5.003123e-01
-1.296875e-01 7.812500e-03 7.812500e-03 -5.461299e+00 -5.454204e+00 5.828428e-05 8.297425e+00 8.305184e+00 -5.622358e-01 -5.003123e-01 -5.622358e-01 -5.003123e-01
-1.140625e-01 7.812500e-03 7.812500e-03 -5.583250e+00 -5.576694e+00 5.828428e-05 7.386638e+00 7.304559e+00 -5.552545e-01 -5.003123e-01 -5.552545e-01 -5.003123e-01
-9.843750e-02 7.812500e-03 7.812500e-03 -5.689567e+00 -5.684935e+00 5.828428e-05 6.466818e+00 6.303935e+00 -5.886315e-01 -5.003123e-01 -5.886315e-01 -5.003123e-01
-8.281250e-02 7.812500e-03 7.812500e-03 -5.780248e+00 -5.778793e+00 5.828428e-05 5.538797e+00 5.303310e+00 -6.624329e-01 -5.003123e-01 -6.624329e-01 -5.003123e-01
-6.718750e-02 7.812500e-03 7.812500e-03 -5.855295e+00 -5.849088e+00 5.828428e-05 4.148102e+00 4.302685e+00 -6.457914e-01 -5.003123e-01 -6.457914e-01 -5.003123e-01
-5.156250e-02 7.812500e-03 7.812500e-03 -5.914707e+00 -5.906310e+00 5.828428e-05 3.185631e+00 3.302061e+00 -5.853334e-01 -5.003123e-01 -5.853334e-01 -5.003123e-01
-3.593750e-02 7.812500e-03 7.812500e-03 -5.958485e+00 -5.948666e+00 5.828428e-05 2.238654e+00 2.301436e+00 -5.615930e-01 -5.003123e-01 -5.615930e-01 -5.003123e-01
-2.031250e-02 7.812500e-03 7.812500e-03 -5.986627e+00 -5.976407e+00 5.828428e-05 1.308013e+00 1.300812e+00 -5.745701e-01 -5.003123e-01 -5.745701e-01 -5.003123e-01
-4.687500e-03 7.812500e-03 7.812500e-03 -5.999135e+00 -5.988790e+00 5.828428e-05 2.783448e-01 3.001874e-01 -5.761367e-01 -5.003123e-01 -5.761367e-01 -5.003123e-01
1.093750e-02 7.812500e-03 7.812500e-03 -5.996008e+00 -5.985858e+00 5.828428e-05 -6.493240e-01 -7.004372e-01 -5.675824e-01 -5.003123e-01 -5.675824e-01 -5.003123e-01
2.656250e-02 7.812500e-03 7.812500e-03 -5.977246e+00 -5.968364e+00 5.828428e-05 -1.592518e+00 -1.701062e+00 -5.964048e-01 -5.003123e-01 -5.964048e-01 -5.003123e-01
4.218750e-02 7.812500e-03 7.812500e-03 -5.942850e+00 -5.936070e+00 5.828428e-05 -2.550394e+00 -2.701686e+00 -6.626039e-01 -5.003123e-01 -6.626039e-01 -5.003123e-01
5.781250e-02 7.812500e-03 7.812500e-03 -5.892819e+00 -5.888897e+00 5.828428e-05 -3.952567e+00 -3.702311e+00 -6.871871e-01 -5.003123e-01 -6.871871e-01 -5.003123e-01
7.343750e-02 7.812500e-03 7.812500e-03 -5.827153e+00 -5.819694e+00 5.828428e-05 -4.896759e+00 -4.702935e+00 -6.116339e-01 -5.003123e-01 -6.116339e-01 -5.003123e-01
8.906250e-02 7.812500e-03 7.812500e-03 -5.745852e+00 -5.735879e+00 5.828428e-05 -5.829562e+00 -5.703560e+00 -5.751573e-01 -5.003123e-01 -5.751573e-01 -5.003123e-01
1.046875e-01 7.812500e-03 7.812500e-03 -5.648916e+00 -5.637638e+00 5.828428e-05 -6.750136e+00 -6.704184e+00 -5.777574e-01 -5.003123e-01 -5.777574e-01 -5.003123e-01
1.203125e-01 7.812500e-03 7.812500e-03 -5.536346e+00 -5.523836e+00 5.828428e-05 -7.762770e+00 -7.704809e+00 -5.660435e-01 -5.003123e-01 -5.660435e-01 -5.003123e-01
1.359375e-01 7.812500e-03 7.812500e-03 -5.408141e+00 -5.395086e+00 5.828428e-05 -8.712635e+00 -8.705433e+00 -5.493891e-01 -5.003123e-01 -5.493891e-01 -5.003123e-01
1.515625e-01 7.812500e-03 7.812500e-03 -5.264301e+00 -5.251446e+00 5.828428e-05 -9.675443e+00 -9.706058e+00 -5.639674e-01 -5.003123e-01 -5.639674e-01 -5.003123e-01
1.671875e-01 7.812500e-03 7.812500e-03 -5.104827e+00 -5.092740e+00 5.828428e-05 -1.064684e+01 -1.070668e+01 -6.084141e-01 -5.003123e-01 -6.084141e-01 -5.003123e-01
1.828125e-01 7.812500e-03 7.812500e-03 -4.929717e+00 -4.917569e+00 5.828428e-05 -1.177902e+01 -1.170731e+01 -5.217061e-01 -5.003123e-01 -5.217061e-01 -5.003123e-01
1.984375e-01 7.812500e-03 7.812500e-03 -4.738973e+00 -4.726614e+00 5.828428e-05 -1.265655e+01 -1.270793e+01 -5.078910e-01 -5.003123e-01 -5.078910e-01 -5.003123e-01
2.140625e-01 7.812500e-03 7.812500e-03 -4.532595e+00 -4.521803e+00 5.828428e-05 -1.354608e+01 -1.370856e+01 -5.218783e-01 -5.003123e-01 -5.218783e-01 -5.003123e-01
2.296875e-01 7.812500e-03 7.812500e-03 -4.310581e+00 -4.303400e+00 5.828428e-05 -1.440875e+01 -1.470918e+01 -5.476093e-01 -5.003123e-01 -5.476093e-01 -5.003123e-01
2.453125e-01 7.812500e-03 7.812500e-03 -4.072933e+00 -4.070731e+00 5.828428e-05 -1.533819e+01 -1.570981e+01 -5.183919e-01 -5.003123e-01 -5.183919e-01 -5.003123e-01
2.609375e-01 7.812500e-03 7.812500e-03 -3.831296e+00 -3.837904e+00 0.000000e+00 -1.489656e+01 -1.465653e+01 -4.856801e-01 -4.388184e-01 -4.856801e-01 -4.388184e-01
2.765625e-01 7.812500e-03 7.812500e-03 -3.615194e+00 -3.618635e+00 0.000000e+00 -1.323587e+01 -1.305106e+01 -4.196119e-01 -3.686739e-01 -4.196119e-01 -3.686739e-01
2.921875e-01 7.812500e-03 7.812500e-03 -3.422152e+00 -3.422738e+00 0.000000e+00 -1.188464e+01 -1.169545e+01 -3.461965e-01 -3.127127e-01 -3.461965e-01 -3.127127e-01
Error is 1.107273e-03, 4.094039e-02, 3.485159e-02, 3.485159e-02 
dMomentum is 6.106227e-16 -6.661338e-16 -2.220446e-16
